vector of cpri is [-1.72316939e-01  1.10850334e-02 -2.40472704e-02  2.89520808e-02
 -3.17176953e-02  1.34196226e-02 -2.37195209e-01 -5.67551255e-02
  1.54567184e-02 -1.44247323e-01 -5.57644740e-02 -3.52171399e-02
  1.05496189e-02  7.04008993e-03 -1.07662521e-01 -8.40259995e-03
  3.66515033e-02 -1.52096152e-02  2.17778701e-02  4.14358824e-03
  7.63039514e-02  4.12745327e-02  6.45402307e-03 -4.86809276e-02
  3.95128503e-02  1.58700775e-02 -3.57756019e-03 -3.50415371e-02
 -4.50856350e-02  1.10870942e-01  1.52439540e-02  7.81775191e-02
 -3.75544019e-02  1.25173643e-01 -4.46767174e-02 -9.43037029e-03
  1.46939466e-02  3.53935696e-02  1.75000846e-01  4.25447635e-02
 -2.84929499e-02  5.36603928e-02 -8.44530389e-03  1.12664126e-01
 -1.67016730e-01  4.07182099e-03 -5.49762659e-02 -1.00859597e-01
  3.46097350e-02 -9.69511643e-03  1.02163469e-02  4.76237200e-02
  9.85331163e-02 -6.92011118e-02 -1.53094441e-01 -8.74569267e-02
 -9.36119482e-02  2.83457283e-02  5.15050516e-02  5.39304130e-02
 -6.14663512e-02  6.26773983e-02 -9.23350602e-02  3.06347013e-02
 -5.21763563e-02  2.35730708e-02 -4.24464121e-02  9.97496024e-02
  1.52325988e-01  1.26969457e-01 -1.55666023e-01 -2.87652761e-02
  2.04149783e-02  5.32511398e-02 -8.32962319e-02  9.79762748e-02
  2.19179448e-02  3.07494625e-02  7.72750750e-02 -6.35485724e-02
 -6.56004325e-02  1.06987245e-01  1.31206103e-02  3.79831035e-05
  7.66501427e-02  4.08915542e-02  1.90935489e-02 -1.52175629e-03
  1.14102460e-01 -1.33029267e-01  3.63173634e-02  2.94690821e-02
 -8.70073587e-03  7.12307617e-02  2.01678853e-02  1.82889123e-02
  7.60228485e-02 -1.87159836e-01 -1.33399725e-01 -7.19598606e-02]

vector of cable is [-0.2691697   0.02300852 -0.02406383  0.0341121  -0.04865514  0.06772744
 -0.33656988 -0.07747338  0.02911985 -0.1951374  -0.06755346 -0.0770945
  0.03786889  0.01715203 -0.15730615 -0.03107803  0.04093829 -0.03069995
  0.02185925 -0.01201818  0.11327924  0.0821845   0.02197223 -0.07477777
  0.06100983  0.02190713  0.01177309 -0.06598508 -0.04481988  0.20607637
  0.02701678  0.09313766 -0.03963857  0.18128416 -0.05320232 -0.02368966
  0.00773769  0.04382339  0.26855516  0.04638373 -0.04173162  0.08503406
  0.00692769  0.17389959 -0.25608572  0.0214849  -0.07264856 -0.14373198
  0.05813619 -0.01378146  0.02325505  0.07623111  0.14083701 -0.10844065
 -0.22656308 -0.11620288 -0.14505306  0.01748166  0.09324693  0.08053004
 -0.07445766  0.10722954 -0.11804298  0.05507094 -0.05671743  0.00588228
 -0.04401696  0.16892438  0.24281242  0.20572254 -0.22749354 -0.04623186
  0.01852227  0.09062923 -0.12994492  0.15558834  0.0389819   0.03813554
  0.11788061 -0.12581173 -0.10800005  0.15498558  0.02970566 -0.00882458
  0.0971565   0.09695403  0.03821383  0.00580796  0.16812181 -0.20258132
  0.05725623  0.03651154 -0.0096505   0.10943188  0.01622563  0.02451946
  0.12129464 -0.2812106  -0.21218303 -0.13986704]

vector of supervision is [-0.27233267  0.03662085 -0.02712191  0.04906326 -0.0417398   0.06861205
 -0.3534364  -0.08674601  0.01675808 -0.2127607  -0.06294242 -0.08206504
  0.04307236  0.00914517 -0.17962682 -0.02691912  0.03857429 -0.03042636
  0.03265353 -0.01568252  0.12752682  0.08645911  0.02695592 -0.07756522
  0.05370069  0.02302806  0.02603698 -0.08017483 -0.05691744  0.21287134
  0.0217787   0.1079063  -0.03670679  0.1950517  -0.05081123 -0.03409501
  0.01278679  0.048774    0.27499798  0.04105851 -0.03566199  0.08222208
  0.00773194  0.18931569 -0.2724695   0.02521105 -0.0756737  -0.15388517
  0.05652568 -0.0190325   0.01336533  0.08243917  0.15872222 -0.10652047
 -0.23485857 -0.12382547 -0.16428164  0.01264104  0.10846771  0.08031215
 -0.08133829  0.12229399 -0.13779907  0.05849178 -0.04603314  0.00612768
 -0.03845046  0.18170244  0.2636283   0.20724247 -0.23896377 -0.03719344
  0.01009931  0.09865075 -0.12246401  0.15666938  0.04898633  0.03191819
  0.13427383 -0.14477329 -0.12646337  0.164904    0.02813542 -0.0202867
  0.08303038  0.10566545  0.03947757  0.00484055  0.19303028 -0.2029399
  0.0588081   0.05135418 -0.00158724  0.11581071  0.00910103  0.03338401
  0.11916969 -0.30422348 -0.21773162 -0.15714496]

vector of RICI_START_CPRI_LINK3_IND is [-2.25999847e-01  1.79789644e-02 -2.80577857e-02  2.96025891e-02
 -4.27516587e-02  6.30228668e-02 -3.09903234e-01 -7.95616135e-02
  6.22151978e-03 -1.89175248e-01 -5.88602461e-02 -7.27027357e-02
  3.74043249e-02  1.12590697e-02 -1.42910749e-01 -2.42210310e-02
  4.92631085e-02 -2.04644687e-02  3.86591591e-02 -1.07037965e-02
  1.07213810e-01  6.22332990e-02  1.83721446e-02 -6.95759803e-02
  4.54696640e-02  1.08508896e-02  1.92701519e-02 -5.52422181e-02
 -5.43014482e-02  1.86685279e-01  1.47759905e-02  9.08381566e-02
 -3.11042946e-02  1.57347798e-01 -4.73816805e-02 -2.62383018e-02
  5.65852551e-03  4.36851196e-02  2.35502422e-01  3.46128754e-02
 -3.15658487e-02  6.37346506e-02  1.86146088e-02  1.65656924e-01
 -2.34583780e-01  2.79776417e-02 -5.96522763e-02 -1.20424710e-01
  4.81840670e-02 -8.67698528e-03  1.64913647e-02  7.61782750e-02
  1.37533501e-01 -9.71011147e-02 -2.09458530e-01 -1.04513869e-01
 -1.32156268e-01  3.07380147e-02  7.99535587e-02  6.44986704e-02
 -8.50731358e-02  8.90053287e-02 -1.21759646e-01  5.32045141e-02
 -4.63119261e-02  1.18307611e-02 -4.81274053e-02  1.46480620e-01
  2.21013561e-01  1.73482522e-01 -2.07591817e-01 -2.82389335e-02
  6.04126183e-03  8.76880810e-02 -9.72819477e-02  1.41073793e-01
  4.87042330e-02  2.93202661e-02  1.05516054e-01 -1.25905469e-01
 -1.00878470e-01  1.40673757e-01  2.39082240e-02 -1.14060249e-02
  8.71691778e-02  7.39533156e-02  3.17391157e-02 -2.80171935e-03
  1.63003668e-01 -1.71336338e-01  4.65804823e-02  5.36864474e-02
 -2.58897664e-04  9.03691575e-02  4.71547479e-03  3.59844752e-02
  1.10977173e-01 -2.54874259e-01 -1.98341534e-01 -1.18246965e-01]

vector of TRACE9:Error is [-0.17973389  0.0266878  -0.03371121  0.04064713 -0.03507644  0.04158087
 -0.22555864 -0.06388176 -0.01855499 -0.15506496 -0.01952659 -0.05547577
  0.01909335  0.01117524 -0.13007624 -0.0254159   0.02300265 -0.00856458
  0.04112817 -0.02518192  0.08931803  0.04876605  0.02597159 -0.04540161
  0.02045443  0.01797928  0.04107015 -0.06730445 -0.05492424  0.15866677
  0.01041357  0.08446007 -0.00563931  0.10910352 -0.04698551 -0.02094111
  0.0058523   0.02880362  0.15929021  0.01349211 -0.03293994  0.03111567
  0.02843369  0.1298819  -0.17748058  0.03128452 -0.05662943 -0.11529573
  0.02837691 -0.00955145  0.00527121  0.06153601  0.11289901 -0.05346522
 -0.17007528 -0.08201542 -0.12145083  0.00923979  0.082692    0.04848041
 -0.05657621  0.08858815 -0.11007744  0.02716829 -0.01497279  0.01253065
 -0.03534895  0.12031041  0.1899836   0.13489813 -0.14573824 -0.02445509
 -0.01153773  0.08090021 -0.06281228  0.10020589  0.04965729  0.00478687
  0.07646809 -0.1114271  -0.07830759  0.11402538  0.01571172 -0.02977263
  0.05881502  0.05611803  0.02518877 -0.00853485  0.13890904 -0.1371859
  0.0360036   0.05208705 -0.00692466  0.05775854  0.00293274  0.02606663
  0.08481903 -0.20696636 -0.17369936 -0.1209711 ]

vector of cpriCtrlProc is [-1.3276272   0.36753562 -0.22632274  0.6768289  -0.46732512 -0.14689867
 -1.6269186  -0.75075537 -0.54450077 -1.3898294   0.1581945  -0.4516164
 -0.08547145 -0.01087693 -1.2677352   0.04018802  0.12479354 -0.2226587
  0.57499987 -0.2383452   0.9283465   0.19052295  0.3089108  -0.27504748
 -0.11688614  0.28680742  0.40953118 -0.6405354  -0.77487445  1.0407294
  0.38483486  0.68717    -0.04315102  0.6855372  -0.5799006  -0.16372387
 -0.01686821  0.35412014  1.0048791   0.1395088  -0.2230376   0.26795843
  0.340031    1.1003333  -1.33377    -0.01946176 -0.50298107 -1.17356
  0.1247087   0.07927702  0.06831635  0.6020704   1.0951743  -0.19298834
 -1.4185716  -0.7993323  -1.1986717   0.36242908  0.5146416   0.36935297
 -0.29161516  0.9592509  -1.3475103   0.1715086  -0.00539882 -0.08225428
 -0.1369109   0.97434336  1.5002084   0.95456547 -0.747649    0.2513288
  0.03629008  0.8455698  -0.579531    0.58116275  0.6438359  -0.05131504
  0.72222847 -0.93282473 -0.59196055  0.9707001  -0.03766312 -0.03842851
  0.5609363   0.1250929   0.05869415 -0.4876681   1.2351598  -1.0132865
  0.03005791  0.6805225   0.02517746  0.56162786 -0.05382738 -0.06408194
  0.3634066  -1.5578072  -1.4489464  -1.0235406 ]
